116,0.,0.,0.,;                                                         1P      1
116,0.,5.461,0.,;                                                      3P      2
116,0.,10.922,0.,;                                                     5P      3
116,-0.508,11.43,0.,;                                                  7P      4
116,-5.672666667,11.43,0.,;                                            9P      5
116,-6.069924625,11.349116097,0.,;                                    11P      6
116,-6.371697545,11.151300367,0.,;                                    13P      7
116,-6.610512821,10.804769231,0.,;                                    15P      8
116,-6.973928205,9.932572308,0.,;                                     17P      9
116,-7.33734359,9.060375385,0.,;                                      19P     10
116,-7.46845455,8.876356556,0.,;                                      21P     11
116,-7.684519187,8.762564753,0.,;                                     23P     12
116,-7.806266667,8.74776,0.,;                                         25P     13
116,-7.890933333,8.74776,0.,;                                         27P     14
116,-7.973849848,8.781119089,0.,;                                     29P     15
116,-8.06832744,8.825201483,0.,;                                      31P     16
116,-8.183440939,8.913429371,0.,;                                     33P     17
116,-8.351146409,9.027944811,0.,;                                     35P     18
116,-8.786939308,9.259998611,0.,;                                     37P     19
116,-9.272322453,9.426561078,0.,;                                     39P     20
116,-9.740017251,9.509157634,0.,;                                     41P     21
116,-10.242522666,9.519563089,0.,;                                    43P     22
116,-10.636138801,9.471695946,0.,;                                    45P     23
116,-11.0883318,9.35275815,0.,;                                       47P     24
116,-11.512825374,9.171453544,0.,;                                    49P     25
116,-11.826824102,8.985834105,0.,;                                    51P     26
116,-12.191863405,8.699916433,0.,;                                    53P     27
116,-12.508764111,8.367045294,0.,;                                    55P     28
116,-12.751591042,8.028897988,0.,;                                    57P     29
116,-12.957434275,7.641090971,0.,;                                    59P     30
116,-13.093370831,7.277270879,0.,;                                    61P     31
116,-13.180776634,6.916888683,0.,;                                    63P     32
116,-13.2262794,6.537063246,0.,;                                      65P     33
116,-13.29792959,6.236195415,0.,;                                     67P     34
116,-13.398503697,6.061458876,0.,;                                    69P     35
116,-13.576940256,5.880799774,0.,;                                    71P     36
116,-13.754945135,5.776058647,0.,;                                    73P     37
116,-13.895352539,5.727681088,0.,;                                    75P     38
116,-13.953794775,5.731727621,0.,;                                    77P     39
116,-14.024685303,5.745103235,0.,;                                    79P     40
116,-14.088024651,5.77149463,0.,;                                     81P     41
116,-14.6871834,6.021144109,0.,;                                      83P     42
116,-15.1185202,6.200867775,0.,;                                      85P     43
116,-15.476437539,6.35,0.,;                                           87P     44
116,-16.492437539,6.35,0.,;                                           89P     45
116,-17.508437539,6.35,0.,;                                           91P     46
116,-18.182031907,6.032756557,0.,;                                    93P     47
116,-18.855626275,5.715513115,0.,;                                    95P     48
116,-19.511606254,5.360223483,0.,;                                    97P     49
116,-20.6154891,4.820380731,0.,;                                      99P     50
116,-21.783228701,4.323507691,0.,;                                   101P     51
116,-23.711075783,3.65739313,0.,;                                    103P     52
116,-25.750447242,3.146363717,0.,;                                   105P     53
116,-27.577496368,2.847134939,0.,;                                   107P     54
116,-29.375267637,2.693193478,0.,;                                   109P     55
116,-30.652741282,2.666901406,0.,;                                   111P     56
116,-31.637943502,2.693541427,0.,;                                   113P     57
116,-32.097616732,2.768968641,0.,;                                   115P     58
116,-32.474435956,2.918349081,0.,;                                   117P     59
116,-32.86539409,3.182187297,0.,;                                    119P     60
116,-33.141305371,3.471108785,0.,;                                   121P     61
116,-34.153097333,4.764325957,0.,;                                   123P     62
116,-35.164889295,6.057543129,0.,;                                   125P     63
116,-35.321861905,6.207873214,0.,;                                   127P     64
116,-35.542882005,6.316898241,0.,;                                   129P     65
116,-35.765033653,6.35,0.,;                                          131P     66
116,-36.14138259,6.35,0.,;                                           133P     67
116,-36.517731528,6.35,0.,;                                          135P     68
116,-36.700078774,6.323255277,0.,;                                   137P     69
116,-36.865379302,6.246381243,0.,;                                   139P     70
116,-36.996512832,6.132125236,0.,;                                   141P     71
116,-37.088255614,5.993796103,0.,;                                   143P     72
116,-37.131612829,5.877403041,0.,;                                   145P     73
116,-37.152731528,5.715,0.,;                                         147P     74
116,-37.152731528,5.651501598,0.,;                                   149P     75
116,-37.161849344,5.604249183,0.,;                                   151P     76
116,-37.189928967,5.561699036,0.,;                                   153P     77
116,-37.229953335,5.534663541,0.,;                                   155P     78
116,-37.279731528,5.524501598,0.,;                                   157P     79
116,-37.317175453,5.524501598,0.,;                                   159P     80
116,-37.384987461,5.520870374,0.,;                                   161P     81
116,-37.508384728,5.495029477,0.,;                                   163P     82
116,-37.653344001,5.42821832,0.,;                                    165P     83
116,-37.766188259,5.338514404,0.,;                                   167P     84
116,-37.825213965,5.270450243,0.,;                                   169P     85
116,-37.865389054,5.209949484,0.,;                                   171P     86
116,-37.899207704,5.143398151,0.,;                                   173P     87
116,-37.927807351,5.063724689,0.,;                                   175P     88
116,-37.945530883,4.98112285,0.,;                                    177P     89
116,-37.952175453,4.889501598,0.,;                                   179P     90
116,-37.952175453,4.667250799,0.,;                                   181P     91
116,-37.952175453,4.445,0.,;                                         183P     92
116,-37.958564354,4.405226107,0.,;                                   185P     93
116,-37.976111643,4.37079184,0.,;                                    187P     94
116,-38.010504482,4.338166964,0.,;                                   189P     95
116,-38.050732442,4.321226032,0.,;                                   191P     96
116,-38.079175453,4.318,0.,;                                         193P     97
116,-38.135287198,4.318,0.,;                                         195P     98
116,-38.214496345,4.313040404,0.,;                                   197P     99
116,-38.336622985,4.285236582,0.,;                                   199P    100
116,-38.445881417,4.236855786,0.,;                                   201P    101
116,-38.537551788,4.174333084,0.,;                                   203P    102
116,-38.584300004,4.132012806,0.,;                                   205P    103
116,-38.628521418,4.082931249,0.,;                                   207P    104
116,-38.676548163,4.015056573,0.,;                                   209P    105
116,-38.714161434,3.94401651,0.,;                                    211P    106
116,-38.735272609,3.890948327,0.,;                                   213P    107
116,-38.754090005,3.82550644,0.,;                                    215P    108
116,-38.766274611,3.754273307,0.,;                                   217P    109
116,-38.770287198,3.683,0.,;                                         219P    110
116,-38.770287198,3.60905586,0.,;                                    221P    111
116,-38.776544747,3.569682511,0.,;                                   223P    112
116,-38.793556239,3.535783164,0.,;                                   225P    113
116,-38.823136492,3.505950706,0.,;                                   227P    114
116,-38.858120082,3.488246353,0.,;                                   229P    115
116,-38.897287198,3.48205586,0.,;                                    231P    116
116,-39.133643599,3.48205586,0.,;                                    233P    117
116,-39.37,3.48205586,0.,;                                           235P    118
116,-39.594274282,3.585918716,0.,;                                   237P    119
116,-39.936121323,3.733330588,0.,;                                   239P    120
116,-40.303516429,3.877619529,0.,;                                   241P    121
116,-41.681699429,4.297100124,0.,;                                   243P    122
116,-42.816221876,4.508368343,0.,;                                   245P    123
116,-45.054645492,4.594261733,0.,;                                   247P    124
116,-46.634517958,4.393744295,0.,;                                   249P    125
116,-48.216774325,3.964362091,0.,;                                   251P    126
116,-49.475988112,3.44100709,0.,;                                    253P    127
116,-50.992846718,2.55671057,0.,;                                    255P    128
116,-51.950064573,1.821461513,0.,;                                   257P    129
116,-52.560240672,1.261722924,0.,;                                   259P    130
116,-52.918712019,1.251889441,0.,;                                   261P    131
116,-53.388121459,1.070628354,0.,;                                   263P    132
116,-53.717539303,0.766592565,0.,;                                   265P    133
116,-53.90972557,0.401915788,0.,;                                    267P    134
116,-53.975,0.,0.,;                                                  269P    135
116,0.,0.,0.,;                                  